325.0908233 -23.1807149 5108.992 4923.364
325.0897256 -23.1810522 5200.683 4892.668
325.0892866 -23.1803244 5238.337 4960.116
325.0881735 -23.1799129 5329.698 5003.051
325.0960278 -23.1846559 4674.62 4564.225
325.0969693 -23.1843826 4594.824 4591.362
325.0996718 -23.1841506 4368.167 4610.627
325.1016087 -23.1854417 4208.388 4489.883
325.0832603 -23.2018743 5743.086 2996.427
325.0812515 -23.2014049 5914.393 3037.119
325.0892068 -23.1787544 5243.744 5101.603
325.0901254 -23.1789943 5170.178 5080.575
325.0930243 -23.1800777 4923.302 4986.147
325.0930428 -23.1796527 4924.314 5023.496
325.0932666 -23.1803703 4905.532 4957.464
325.0934762 -23.1801975 4886.445 4974.076
325.0921697 -23.1808291 4996.601 4915.931
325.0928224 -23.1817381 4939.865 4835.892
325.0926246 -23.1821814 4959.82 4790.141
325.0939508 -23.1808587 4844.997 4913.78
325.0948134 -23.1806463 4775.125 4929.151
325.0953246 -23.1810875 4735.751 4889.927
325.0913504 -23.1796145 5065.3 5026.768
325.0908378 -23.1801988 5106.393 4974.884
325.0926541 -23.1824283 4956.63 4767.952
325.0914000 -23.1828386 5063.111 4729.744
325.1026526 -23.1866623 4118.25 4381.379
325.1022470 -23.1864692 4152.447 4399.268
325.0992503 -23.1853095 4403.609 4504.981
325.0901817 -23.1816628 5164.724 4837.172
325.0871643 -23.1818089 5416.186 4823.477
325.0863072 -23.1813966 5487.75 4861.214
325.0865196 -23.1809965 5473.005 4899.35
325.0850036 -23.1790809 5597.96 5071.713
325.0843115 -23.1756809 5655.234 5382.239
325.1078966 -23.1939360 3678.151 3718.547
325.1064524 -23.1933740 3800.079 3772.613
325.0939957 -23.1503763 4843.931 7688.395
325.0926328 -23.1515204 4955.77 7583.441
325.0859869 -23.1544422 5515.694 7318.704
325.0943918 -23.1782050 4810.403 5151.99
325.0978323 -23.1765116 4520.327 5308.573
325.1005473 -23.1754501 4294.589 5402.985
325.1044470 -23.1746307 3968.127 5478.292
325.1076054 -23.1733179 3703.304 5597.702
325.1087971 -23.1731592 3603.29 5612.084
325.1053727 -23.1767389 3888.105 5287.469
325.1068581 -23.1797607 3765.664 5010.404
325.0855242 -23.1734610 5553.556 5584.769
325.0903651 -23.1741162 5147.852 5527.701 
325.0923317 -23.1745860 4982.361 5485.305
325.0766463 -23.1929731 6297.068 3809.209
325.0747768 -23.1962713 6453.758 3505.807
325.0749080 -23.1968602 6442.06 3451.366
325.0886533 -23.1997460 5292.616 3189.118
325.0985987 -23.2002472 4458.073 3143.142
325.0842414 -23.1825247 5660.608 4758.851
325.0961113 -23.1708187 4666.015 5825.075
325.0944165 -23.1700698 4810.867 5893.738
325.0930335 -23.1881134 4923.509 4249.32
325.0801431 -23.1920295 6001.603 3894.306
325.0818570 -23.1919178 5861.376 3902.716
325.0897025 -23.1830287 5203.841 4712.49
325.0881934 -23.1842362 5329.676 4603.42
325.0874039 -23.1850799 5396.625 4525.757
325.0938688 -23.1891472 4857.974 4155.661
325.0771712 -23.1764279 6253.296 5314.099
325.0784141 -23.1767111 6148.195 5292.411 
325.0723085 -23.1773793 6661.09 5226.856
325.0746933 -23.1768104 6461.12 5279.202
325.0801249 -23.1789518 6006.165 5084.072
325.0869093 -23.1763577 5435.917 5324.894
325.0700424 -23.1765281 6850.756 5305.207
325.0831860 -23.1647750 5749.912 6375.898
325.0688893 -23.1798710 6946.692 5004.166
325.0773802 -23.1674978 6236.037 6127.864
325.1048472 -23.1895942 3934.781 4114.512
325.1055946 -23.1900721 3871.728 4071.118
325.0758650 -23.1649457 6362.685 6363.526 
325.0733662 -23.1655350 6572.895 6305.662
